["head":"wrap","lpos","status"]
[39,100,0]
["io count"]
[100]
["io":"id","wrap","startLpos","endLpos"]
[1,249,473648,205064]
[2,120,306475,484157]
[3,3,500753,220332]
[4,147,222289,103831]
[5,224,471427,567565]
[6,226,170888,351394]
[7,121,518061,20641]
[8,56,140799,451838]
[9,265,703271,84636]
[10,220,45979,116320]
[11,40,235176,372784]
[12,216,98022,475562]
[13,207,416345,265182]
[14,171,677262,343702]
[15,188,636481,723263]
[16,56,123205,721692]
[17,176,83906,729776]
[18,271,129390,4477]
[19,106,32712,709764]
[20,180,44139,323778]
[21,73,528240,12034]
[22,134,199664,415422]
[23,10,28780,208508]
[24,116,173739,362943]
[25,187,585821,96507]
[26,62,356928,502606]
[27,98,221194,516049]
[28,208,207776,270494]
[29,245,191986,86651]
[30,182,548364,707151]
[31,101,201800,76647]
[32,272,88872,152799]
[33,217,336841,144096]
[34,222,283526,395903]
[35,99,141830,57302]
[36,152,165263,436050]
[37,194,58776,568769]
[38,248,125187,298242]
[39,81,361358,29717]
[40,34,333356,406429]
[41,272,470584,599184]
[42,72,538864,623539]
[43,48,30827,47184]
[44,58,502969,558321]
[45,170,167153,496161]
[46,10,360437,473250]
[47,36,213760,271700]
[48,73,644467,371341]
[49,75,339560,248401]
[50,98,391479,405055]
[51,213,623178,90692]
[52,53,386243,192250]
[53,150,5154,54427]
[54,128,167818,295330]
[55,159,434945,330139]
[56,242,394606,404695]
[57,145,84123,44563]
[58,244,249496,403227]
[59,135,517315,258589]
[60,206,18398,85938]
[61,216,483133,625317]
[62,170,306566,697252]
[63,182,287385,425654]
[64,253,645205,276506]
[65,239,701656,524768]
[66,186,61890,469338]
[67,127,721590,9418]
[68,167,267243,213894]
[69,12,444457,552861]
[70,57,641564,509724]
[71,272,323346,514353]
[72,243,362289,191847]
[73,223,641013,127216]
[74,155,595127,489868]
[75,54,331911,715457]
[76,81,539624,170524]
[77,94,556737,718232]
[78,3,608529,470643]
[79,15,698876,691200]
[80,6,517681,704352]
[81,41,700719,554966]
[82,259,437225,56642]
[83,238,575837,697835]
[84,258,250485,369653]
[85,197,309549,251573]
[86,94,321236,669793]
[87,94,163645,225846]
[88,43,674598,420946]
[89,71,631448,505266]
[90,16,440632,545036]
[91,12,35187,574386]
[92,184,236389,681680]
[93,8,166496,550891]
[94,47,193604,55229]
[95,254,462686,616997]
[96,270,382686,477640]
[97,51,339799,212302]
[98,204,81994,335246]
[99,21,613343,379222]
[100,144,81216,190793]

